57.438490 48.922853 133.859744 0.503000 57.728317 79.165450 75.059993 1.460000
47.851300 26.686681 135.408312 0.515000 48.234487 49.825389 75.145086 1.450000
77.829667 61.052171 130.174422 0.509000 77.155144 90.855252 74.952358 1.470000
64.426364 59.919816 131.157240 0.515000 64.186876 90.396026 74.936649 1.460000
53.160673 25.499903 134.987596 0.518000 53.250112 47.628741 75.007254 1.460000
62.236408 50.347474 130.330278 0.523000 62.188347 75.696524 75.000937 1.460000
72.282080 38.614194 130.213943 0.532000 72.739447 64.910035 75.030311 1.460000
59.655532 21.473827 132.790812 0.480000 58.439407 38.622040 92.070847 1.670000
69.089357 65.245505 131.479568 0.506000 68.490223 93.451268 75.092513 1.470000
46.595460 24.510046 136.144639 0.510000 46.885069 46.501845 75.087774 1.460000
74.919863 43.468063 121.680694 0.572000 74.556031 66.465702 75.001604 1.500000
72.841511 57.963629 132.276921 0.497000 72.414545 87.366152 75.034774 1.470000
96.850087 78.177015 163.643509 0.480000 94.902083 108.340728 113.851218 1.300000
55.632797 24.369762 134.050899 0.520000 56.295584 45.498420 74.914625 1.460000
75.517201 42.045319 130.805096 0.528000 75.694026 70.326596 75.042556 1.460000
74.081808 57.732333 128.387439 0.533000 73.389669 89.941999 75.087866 1.460000
60.779119 19.774664 133.560422 0.527000 61.068514 36.943386 75.132495 1.450000
76.847914 62.522379 133.850584 0.490000 76.033740 92.351695 75.103461 1.460000
67.334865 38.197049 133.291248 0.509000 66.960962 63.656457 75.111772 1.470000
70.186982 38.292994 130.228511 0.530000 69.892390 61.270828 75.049680 1.470000
70.474076 48.025235 130.870723 0.522000 70.484110 79.413847 75.100588 1.460000
67.267061 36.682046 130.933795 0.516000 66.982343 61.349267 74.959517 1.490000
71.018944 65.969630 135.643978 0.485000 70.292134 101.215487 75.017134 1.470000
71.530981 66.493663 133.451915 0.492000 70.858951 96.012446 75.005992 1.470000
70.834734 37.007183 125.422406 0.557000 70.410017 60.291147 75.052671 1.490000
57.021123 49.963621 133.077975 0.509000 57.605490 84.059855 75.010044 1.470000
63.995914 53.682349 135.482419 0.494000 64.006640 86.714736 75.015708 1.460000
64.286154 37.695376 134.359352 0.505000 63.959527 66.792391 75.023535 1.470000
48.042857 30.918171 132.880332 0.529000 47.707024 55.932282 74.991495 1.460000
73.475193 55.730344 133.206926 0.507000 72.934107 91.696253 75.030198 1.480000
45.511621 27.052334 135.083989 0.516000 45.834800 50.617341 75.050704 1.460000
74.899212 37.495898 132.146610 0.518000 75.298767 65.727837 75.026949 1.480000
55.239229 38.639738 136.305931 0.494000 55.626332 69.034364 74.954756 1.480000
52.734954 30.047549 138.039098 0.492000 53.428900 57.363521 74.832999 1.460000
45.782585 28.399109 132.503386 0.533000 46.264064 51.081488 75.105336 1.460000
44.846780 27.614076 136.351271 0.509000 45.283379 52.079154 74.981673 1.460000
70.859821 41.327202 132.515927 0.519000 71.238424 70.849389 75.052980 1.460000
65.560840 61.199983 133.359984 0.504000 64.941591 97.783590 75.102487 1.460000
58.367595 43.946984 133.371085 0.512000 58.469059 69.369052 74.983849 1.470000
72.511569 62.014805 128.246188 0.533000 71.891635 93.548430 75.006151 1.470000
48.997663 27.035223 135.803181 0.511000 49.585261 50.900627 75.031179 1.460000
71.911188 65.190632 133.781236 0.497000 71.057597 93.666795 74.995942 1.470000
48.180320 28.257598 134.888091 0.515000 48.098643 52.475822 75.016939 1.460000
61.972296 55.069292 129.514607 0.527000 61.748059 87.101206 75.082196 1.460000
74.872576 42.426620 122.113286 0.575000 74.530906 65.582996 75.035319 1.490000
107.248742 76.869594 125.126714 0.548000 108.137405 121.963629 75.037250 1.480000
65.451531 38.019719 133.436309 0.507000 65.266423 65.848425 75.046394 1.470000
49.298603 25.478553 136.510189 0.508000 49.337637 48.474685 75.040541 1.460000
68.601836 66.692413 135.818701 0.489000 68.092696 99.553364 74.966277 1.470000
57.835205 47.551681 132.131412 0.515000 58.020269 76.932956 75.003910 1.460000
47.931943 30.894070 136.745565 0.504000 47.615040 57.987391 74.916455 1.460000
67.821888 38.642452 134.114198 0.503000 67.304827 68.015901 75.072591 1.470000
45.130508 28.873251 136.312741 0.508000 45.673639 54.314901 75.045414 1.460000
71.790999 65.383206 134.758454 0.489000 70.798974 96.616371 75.060092 1.470000
71.162332 41.674058 132.445532 0.514000 70.192102 68.669829 74.949312 1.470000
67.341264 54.438654 125.380175 0.547000 67.151125 83.159326 75.029760 1.480000
48.637633 27.363819 136.648874 0.507000 48.886346 51.781386 75.063514 1.460000
71.869774 36.849261 133.183349 0.508000 71.398051 63.805555 74.945271 1.470000
58.331260 47.911467 132.183963 0.513000 58.491253 76.937438 75.017509 1.460000
70.041219 47.903156 130.500438 0.522000 69.965856 78.168849 75.111602 1.460000
72.993305 35.902099 134.147173 0.490000 72.624900 64.681785 75.048425 1.510000
71.844163 37.297555 132.694299 0.509000 71.333982 63.980599 74.891178 1.480000
42.030985 31.537537 136.283475 0.509000 42.315316 58.864681 75.017522 1.460000
60.100257 50.475647 132.884787 0.508000 60.238291 75.274631 74.945677 1.460000
47.384117 24.794995 134.717503 0.519000 47.652275 46.310163 74.993817 1.460000
62.039602 48.510453 131.940175 0.516000 62.083592 72.548172 75.057872 1.460000
68.055114 39.176046 128.937402 0.535000 67.479745 65.480163 74.968617 1.470000
71.709347 36.665055 133.157010 0.511000 71.241641 62.992617 75.060391 1.470000
77.892627 58.789191 135.738108 0.481000 77.108237 96.156033 74.998737 1.520000
64.946482 37.340034 133.630718 0.503000 65.008024 66.739517 75.025592 1.480000
56.390084 50.359338 131.805558 0.517000 56.667962 80.219390 75.069488 1.460000
58.045791 54.823577 134.396684 0.497000 58.638052 87.421158 75.043549 1.460000
70.181418 59.463179 129.437364 0.522000 69.819684 81.292703 75.061733 1.460000
73.204454 61.509500 119.541100 0.582000 72.405647 85.729075 75.021665 1.490000
68.847473 59.285946 131.095352 0.515000 68.359458 87.892369 74.940603 1.470000
65.822112 54.502010 131.323931 0.516000 65.446785 85.138945 74.982317 1.470000
81.473892 57.142161 125.916933 0.539000 81.313415 84.010855 74.929045 1.470000
61.553609 45.870730 132.895850 0.513000 61.313666 73.297618 75.031437 1.470000
43.958425 30.555388 135.209104 0.514000 44.577987 56.363667 74.999335 1.460000
64.147566 53.137256 134.514339 0.497000 63.982439 87.563542 75.083729 1.470000
50.791656 27.307831 133.923966 0.522000 50.985941 50.217765 75.008602 1.460000
68.326495 38.018672 133.094868 0.513000 68.028314 62.068304 75.075202 1.470000
55.989274 40.555193 131.199456 0.522000 56.026485 68.730549 75.130673 1.470000
69.026411 55.485249 130.093502 0.519000 68.604577 83.637477 74.976500 1.480000
78.338587 42.946472 129.069066 0.528000 77.793871 66.902541 74.991336 1.480000
43.762666 29.552399 136.466493 0.509000 44.232216 55.370010 74.855330 1.460000
62.764280 53.465151 134.943366 0.495000 62.732310 84.739627 75.060889 1.470000
54.831159 26.418933 136.459508 0.503000 55.405531 49.758270 74.921665 1.460000
75.390199 40.269945 126.532647 0.545000 74.806338 61.389285 75.081828 1.470000
74.496041 42.379817 125.313595 0.542000 74.078718 64.318421 74.966762 1.510000
75.116881 72.224887 131.955040 0.500000 73.984962 105.652632 74.982672 1.470000
64.084198 37.371582 135.902522 0.492000 63.958245 67.941212 75.018427 1.490000
69.902445 59.273908 136.555778 0.485000 69.395327 95.091647 75.101655 1.470000
68.006562 63.490376 134.638220 0.497000 67.183318 103.879489 74.998215 1.460000
71.052924 69.838094 135.015742 0.489000 70.310242 103.851660 75.082061 1.470000
70.192748 69.126788 132.372651 0.505000 69.428126 103.667015 75.012821 1.470000
65.876035 38.445083 133.208038 0.513000 65.350329 67.497888 75.027008 1.470000
70.535049 60.778181 131.961185 0.510000 69.946163 89.403654 74.975875 1.470000
72.944336 40.789036 120.744879 0.577000 72.723203 63.120054 74.978014 1.510000
61.619937 55.132142 130.419974 0.522000 61.603599 84.805819 75.039106 1.460000
60.687036 49.770542 134.818247 0.492000 60.593044 83.282726 75.029011 1.470000
62.335052 42.695345 133.422700 0.502000 62.512102 71.989975 75.080360 1.470000
71.609409 43.292776 128.073968 0.539000 71.177203 71.438401 75.060633 1.460000
63.733206 56.848942 132.164034 0.508000 63.689649 85.092588 74.971519 1.470000
45.198626 28.001021 135.293349 0.515000 45.719962 52.238659 74.970686 1.460000
65.423008 55.557626 131.459742 0.519000 65.310276 80.253711 75.039829 1.460000
50.883319 28.455137 137.816251 0.497000 51.307778 54.416847 74.982935 1.460000
72.542197 38.609725 131.017460 0.525000 72.338782 63.812956 74.989568 1.470000
71.051158 61.077764 133.090203 0.514000 70.346355 100.436822 75.016479 1.460000
62.917325 39.698641 125.941060 0.550000 62.728962 63.806469 75.042786 1.490000
69.521533 38.144781 134.909616 0.493000 69.100203 66.004392 75.025548 1.480000
68.682862 38.423896 131.967380 0.519000 68.413538 60.909205 74.991874 1.470000
46.719806 29.068456 137.416177 0.501000 47.136470 55.356978 75.034705 1.460000
67.936298 17.987151 133.114743 0.528000 67.591807 33.802781 75.023366 1.460000
78.182536 43.728604 131.046834 0.528000 78.282728 74.416931 75.073842 1.460000
64.414021 60.819150 132.059621 0.510000 63.899850 92.523160 75.136426 1.460000
71.953628 70.218255 136.234804 0.480000 71.023248 103.528319 75.347645 1.460000
70.830737 64.756841 127.290726 0.533000 70.081556 92.099014 75.070009 1.460000
61.698400 39.315567 128.703801 0.539000 61.420702 65.066416 75.042517 1.470000
72.469536 60.804931 131.593954 0.508000 71.772192 87.912918 74.935330 1.470000
80.653722 63.757987 129.981262 0.498000 79.383802 97.884994 74.972170 1.570000
69.369095 65.892166 131.777527 0.505000 68.867679 90.711131 74.971212 1.470000
66.481922 63.641498 131.274689 0.513000 65.961036 94.306238 75.009469 1.460000
57.883639 50.046142 129.864962 0.530000 58.352026 74.580434 75.063999 1.460000
70.394266 41.555296 132.518333 0.514000 69.404056 69.305511 74.999057 1.470000
67.987155 60.078289 126.050191 0.480000 62.405050 85.646112 80.771174 1.770000
78.706699 37.447958 129.996563 0.523000 78.379099 61.001040 75.030142 1.490000
71.713368 37.121460 122.338362 0.563000 71.778303 58.471975 75.031780 1.520000
64.159266 39.559288 130.953531 0.518000 63.854220 65.666662 75.003358 1.490000
70.577601 69.612209 130.468483 0.513000 69.595294 106.019379 75.068165 1.460000
74.091640 46.510910 132.639210 0.521000 74.034951 80.024028 75.111401 1.460000
48.471464 30.866011 136.241361 0.509000 47.842092 57.668099 75.034840 1.460000
70.991580 39.288576 117.992586 0.596000 71.095679 61.051195 75.025154 1.530000
41.335768 31.653462 133.930741 0.522000 41.788125 57.838843 75.097770 1.460000
107.207020 80.498298 136.868228 0.480000 108.469022 139.415994 75.483619 1.450000
54.188170 39.672701 135.494784 0.498000 54.422803 71.522637 75.100412 1.470000
110.099714 126.538405 167.516557 0.480000 112.490320 194.456093 107.250448 1.300000
68.719759 35.732428 132.716197 0.508000 68.493887 61.362600 75.066669 1.480000
74.688111 41.669808 127.758654 0.546000 74.802549 71.056502 75.097363 1.470000
49.983283 27.220855 134.130156 0.519000 50.722022 50.379012 75.001278 1.460000
70.564047 61.792148 119.114845 0.589000 69.989649 85.578927 74.998465 1.480000
71.125221 67.263730 130.035990 0.520000 70.571209 91.199826 75.027032 1.470000
64.541411 58.944773 134.782478 0.499000 64.198862 96.878697 75.083620 1.460000
73.439821 61.558681 129.138688 0.525000 72.782033 88.042373 75.060957 1.470000
69.560044 38.393393 122.953276 0.568000 69.070170 59.982192 75.081531 1.490000
49.924544 26.772608 136.354601 0.509000 50.425668 50.621605 75.103533 1.460000
69.451305 61.078951 130.752961 0.510000 69.105595 82.604406 74.995167 1.470000
49.235345 28.250340 135.721744 0.509000 49.818969 53.092144 74.840598 1.460000
42.126045 31.893081 134.286859 0.521000 42.432976 58.095852 75.113977 1.460000
47.280732 27.730550 136.222890 0.509000 47.707621 52.241399 75.049473 1.460000
71.400841 40.787792 121.968004 0.581000 71.526462 62.396043 74.963306 1.470000
44.492248 30.803980 136.113742 0.509000 44.815626 57.261580 75.113268 1.460000
65.844047 38.545455 131.654696 0.519000 65.406999 62.096681 75.037400 1.470000
72.528148 60.195057 134.451705 0.491000 71.881576 96.221207 75.008020 1.480000
73.006234 68.168077 132.616629 0.503000 72.134778 98.253847 75.042691 1.460000
73.696767 60.438360 130.237544 0.522000 72.925860 95.930266 75.039800 1.470000
48.878168 25.356154 134.791781 0.519000 49.091586 47.311578 75.029385 1.460000
73.196850 40.331559 122.432380 0.569000 73.021516 62.902927 74.954103 1.500000
48.195428 26.021728 134.476355 0.521000 48.509202 48.220403 75.123412 1.460000
59.062865 53.591405 135.341804 0.489000 59.573813 85.239425 75.002153 1.470000
76.508828 41.516447 128.260839 0.542000 76.663547 67.555001 75.033263 1.460000
63.025211 56.936037 134.160498 0.503000 62.812454 91.762897 75.094727 1.460000
71.624741 66.747341 131.974599 0.515000 70.906559 105.244434 75.013091 1.460000
58.445467 49.111629 128.757226 0.536000 59.076213 69.682307 74.980522 1.470000
65.963601 60.052379 129.539108 0.523000 65.482745 89.135924 75.022695 1.460000
64.586083 61.411933 132.864099 0.502000 64.098260 95.476593 74.941323 1.470000
71.332502 70.086920 135.576044 0.484000 70.387309 106.121118 74.962176 1.470000
47.781870 31.045406 134.370722 0.520000 47.202440 56.832263 74.996154 1.460000
77.762080 36.216094 131.136024 0.522000 77.252709 58.421666 75.127706 1.470000
49.021330 27.309748 134.623074 0.520000 49.260420 50.515896 75.045303 1.460000
69.424840 60.863443 131.777441 0.515000 68.831334 98.043389 74.952453 1.460000
71.211387 41.820750 128.834855 0.534000 70.873537 71.182059 75.057712 1.490000
93.677137 69.564303 139.070942 0.480000 87.774631 84.464747 94.780657 1.300000
68.898882 65.023223 132.504094 0.503000 68.126040 99.312499 75.096422 1.460000
52.398240 28.126522 133.043764 0.525000 53.110835 51.488273 74.989432 1.460000
67.792934 37.335006 133.245829 0.510000 67.666505 64.958905 75.120174 1.470000
82.574321 56.440524 125.156891 0.537000 82.332714 78.536722 75.037475 1.470000
69.252646 38.947773 128.949834 0.540000 69.807934 66.191312 75.028095 1.470000
67.867210 65.321625 137.168022 0.480000 67.552634 103.783941 75.347831 1.460000
45.124262 27.376451 135.431031 0.513000 45.776781 51.298779 74.978628 1.460000
63.774493 52.503111 134.940699 0.494000 63.807334 87.222111 75.016515 1.470000
69.524326 65.039188 131.151629 0.508000 68.821353 94.712854 75.030995 1.470000
72.681938 61.426864 134.360682 0.489000 71.883620 99.941930 75.051026 1.500000
73.608126 61.731408 135.348888 0.491000 73.039397 88.442476 75.058075 1.470000
57.990832 21.041423 134.267072 0.521000 58.053866 39.240193 74.963500 1.460000
75.788040 35.093164 126.965951 0.543000 75.337323 55.302233 74.959965 1.490000
105.933030 70.274675 192.869005 0.480000 107.113767 125.055485 144.113873 1.300000
62.295742 25.967080 136.479507 0.501000 63.236820 49.743575 75.033595 1.460000
73.805248 41.000865 129.159420 0.520000 73.502544 67.997988 75.012318 1.510000
70.765112 39.653903 125.337539 0.548000 70.810191 64.817926 75.068926 1.510000
76.043737 35.068441 121.017821 0.586000 75.720845 53.109236 74.979873 1.480000
72.257471 40.711038 131.918688 0.507000 72.124690 68.571145 74.956178 1.510000
70.371930 37.551015 134.284256 0.490000 70.318556 68.543801 75.051744 1.510000
66.769928 24.567929 137.752471 0.492000 67.913747 47.722983 74.948426 1.460000
77.557356 39.501555 129.001383 0.536000 77.652660 67.329357 75.056790 1.480000
42.668861 29.010139 134.636768 0.519000 42.958305 53.853141 75.080613 1.460000
66.918493 62.863785 130.696350 0.516000 66.363140 91.038279 75.101590 1.460000
68.839596 60.557578 131.585279 0.510000 68.124709 93.091563 75.126659 1.460000
75.892686 59.102314 135.341714 0.493000 75.248339 99.332236 75.094189 1.480000
67.777992 62.509508 135.642940 0.489000 67.058477 98.492897 74.986426 1.470000
56.783402 20.908072 133.909907 0.524000 57.066360 39.030256 75.043412 1.460000
70.636760 61.862537 133.414392 0.503000 69.812879 96.225806 75.061514 1.470000
44.040599 31.663823 133.496831 0.523000 44.508609 57.680883 74.995663 1.460000
73.083575 62.630161 134.265713 0.494000 72.314726 91.716941 75.023336 1.470000
67.758143 41.485770 126.714084 0.552000 68.265884 68.775279 74.980737 1.490000
50.581706 24.266883 133.995224 0.522000 50.807472 45.071399 74.989497 1.460000
80.390673 64.520573 115.590824 0.610000 79.296770 89.982762 75.039470 1.530000
71.987233 66.035220 132.233412 0.506000 71.271589 92.877262 75.047272 1.460000
62.727502 55.973515 132.589623 0.512000 62.562026 89.405880 75.012149 1.470000
72.922429 65.156973 132.719013 0.509000 72.067930 102.650788 74.904321 1.470000
57.889941 54.537866 134.320053 0.496000 58.510111 85.818345 75.091374 1.460000
46.238485 28.171475 136.765177 0.506000 46.625555 53.432553 75.046631 1.460000
66.279110 44.900705 122.505077 0.582000 66.676958 70.812022 74.999569 1.470000
86.863451 105.280036 125.763127 0.506000 84.679313 138.240836 75.014796 1.530000
62.226261 19.610740 133.900689 0.524000 62.303905 36.870955 74.980191 1.460000
66.452591 36.738069 133.181798 0.508000 66.276401 60.529198 74.972812 1.480000
53.044173 52.996454 134.804266 0.498000 53.675130 87.396077 75.091112 1.470000
67.595215 63.966088 129.368109 0.522000 67.270793 91.436994 75.098825 1.470000
60.971026 56.532552 133.119193 0.512000 60.860137 93.065932 74.961865 1.470000
47.364715 27.349814 135.565531 0.514000 47.748769 51.012159 75.068309 1.460000
80.299478 41.578178 133.354448 0.497000 79.760867 68.940051 75.035843 1.500000
77.657668 58.193144 119.591036 0.585000 76.683120 82.664183 75.010981 1.530000
42.296840 25.761229 107.962672 0.613000 43.130079 34.572061 75.043993 1.680000
70.908684 68.624072 131.544549 0.501000 70.129020 95.779190 74.972622 1.470000
66.019318 41.183690 131.390202 0.514000 66.309818 70.588134 75.032601 1.480000
72.654347 46.111845 130.540881 0.529000 72.711167 78.241869 75.002604 1.470000
72.772079 40.084164 132.798004 0.517000 73.092567 67.758791 75.102781 1.460000
66.734944 38.880194 132.550631 0.511000 66.680553 67.197411 74.983027 1.470000
72.395557 56.457038 132.403976 0.508000 71.916010 89.660083 74.967789 1.500000
67.075274 35.486235 130.242625 0.528000 67.200191 58.219353 75.106526 1.470000
70.351514 37.246165 134.313303 0.500000 70.248040 65.352929 75.073868 1.480000
65.251582 59.674032 131.731186 0.511000 64.693632 92.081813 74.980100 1.460000
46.485600 26.773075 134.599883 0.520000 46.775009 49.567760 74.983739 1.460000
70.082107 64.566098 129.985280 0.517000 69.321121 94.790876 75.044664 1.460000
62.269255 39.881120 127.576820 0.543000 62.090049 63.055030 75.012450 1.480000
67.332809 37.446128 129.688959 0.532000 66.889335 61.847478 75.042439 1.470000
60.988922 54.679729 135.685626 0.484000 61.509119 85.803838 75.083826 1.470000
67.019508 65.030804 137.322536 0.480000 66.395575 103.839146 75.771988 1.450000
48.192212 23.757035 134.416360 0.521000 48.948073 44.256708 75.046795 1.460000
56.727717 44.008164 132.956093 0.513000 56.874887 70.806602 74.970350 1.470000
65.847727 53.050124 133.385508 0.504000 65.648322 88.512944 75.100537 1.470000
70.044047 39.145792 132.452283 0.515000 69.662085 67.703772 74.947028 1.470000
64.383356 57.653115 133.445640 0.501000 63.889184 89.641023 75.020949 1.470000
67.139948 63.415404 137.651730 0.480000 66.881742 92.246037 75.734576 1.460000
55.415742 27.509849 132.568379 0.527000 56.289604 50.205969 75.025975 1.460000
70.528351 65.372305 133.064587 0.499000 69.745050 96.608282 75.128188 1.460000
74.039227 61.936171 134.173527 0.493000 73.375563 90.203731 75.048622 1.470000
68.599482 43.512748 130.645301 0.522000 68.813799 74.331536 75.006932 1.470000
49.570379 27.518831 135.160235 0.513000 50.386852 51.533675 75.023802 1.460000
63.703596 52.630557 135.094983 0.494000 63.772069 84.962663 75.039648 1.460000
48.841271 27.368914 136.929814 0.504000 49.577803 51.935291 74.977839 1.460000
52.224727 28.877619 136.561585 0.503000 52.966528 54.417803 75.069791 1.460000
74.568261 43.007152 123.313203 0.573000 74.462450 68.921401 75.091019 1.480000
62.569833 50.294262 130.816748 0.521000 62.539639 74.742955 75.071393 1.460000
70.335357 40.132981 125.069280 0.557000 70.615843 64.573890 75.044559 1.480000
50.966309 28.641059 133.723192 0.521000 51.617894 52.686988 75.004585 1.460000
61.157191 39.128511 131.253941 0.522000 60.985192 62.475190 75.090992 1.480000
47.494670 27.020428 135.897753 0.512000 48.122124 50.852033 74.999645 1.460000
77.819180 42.438384 126.345327 0.552000 77.903298 69.049742 75.154274 1.480000
66.611118 37.607864 132.957079 0.509000 66.340984 65.211295 75.091431 1.470000
77.551438 35.306978 135.621594 0.491000 77.334884 65.387676 75.066250 1.500000
68.128895 57.647846 127.017549 0.543000 67.610952 88.192933 75.058689 1.480000
67.551968 59.721476 129.751622 0.521000 67.218265 92.235809 74.958654 1.470000
67.249329 39.793613 131.046181 0.521000 66.831101 68.555961 74.963210 1.470000
69.809098 59.476104 132.148834 0.511000 69.331416 91.415193 75.070979 1.460000
45.334026 32.591440 138.117731 0.499000 45.193124 61.841279 75.191651 1.450000
109.491462 109.016479 162.673983 0.480000 111.403497 174.906825 104.241569 1.300000
71.885288 41.289708 130.217108 0.518000 71.493563 70.097989 75.026754 1.500000
66.785384 57.335688 130.058597 0.522000 66.365300 83.238397 75.133119 1.460000
76.242953 37.991317 122.537570 0.571000 76.410376 58.720622 75.020142 1.490000
66.273510 63.558690 133.750749 0.503000 65.587279 100.211478 75.003297 1.460000
46.688992 28.036711 135.577114 0.514000 47.100871 52.248139 74.997597 1.460000
70.548938 41.095812 133.103972 0.514000 69.616639 66.451495 75.043511 1.470000
43.550391 30.480695 135.562389 0.512000 43.820507 56.797975 75.058475 1.460000
70.166189 65.890713 129.118962 0.516000 69.496783 90.962306 74.996773 1.470000
66.871520 58.557275 136.109454 0.493000 66.451766 94.192566 75.070532 1.470000
70.401485 63.625430 130.161385 0.527000 69.758857 96.585522 75.071134 1.460000
69.792617 37.503918 133.302434 0.509000 69.621061 63.344454 74.962637 1.470000
61.549869 36.844058 134.309224 0.499000 61.769142 64.308676 75.037274 1.470000
69.267383 63.379680 131.721776 0.504000 68.723810 88.113600 74.955695 1.470000
68.357928 65.857955 132.603816 0.502000 67.751916 97.639595 74.965253 1.470000
75.815686 36.898096 121.463299 0.568000 75.653003 57.837638 74.971549 1.510000
90.697353 73.396567 134.316184 0.480000 87.711253 92.982247 89.081893 1.320000
45.775772 28.205466 135.485038 0.515000 46.132394 52.593367 75.039661 1.460000
78.114669 36.560871 124.846788 0.558000 77.844495 58.809726 74.992662 1.480000
52.120682 27.984855 134.528237 0.517000 52.546218 51.949521 75.003776 1.460000
58.827653 48.301726 132.731426 0.509000 58.871183 77.960479 74.955077 1.460000
78.399449 42.710902 131.138169 0.521000 78.456190 73.031585 75.104425 1.490000
65.018389 58.875026 132.200444 0.510000 64.420876 92.621521 75.093552 1.460000
70.786835 52.622481 124.908787 0.564000 70.499804 80.002676 75.056148 1.470000
74.574265 67.835004 131.977429 0.506000 73.572646 99.525623 75.020602 1.460000
77.550491 44.941099 120.571481 0.578000 77.232920 68.591845 75.041529 1.510000
72.370106 39.137837 130.474817 0.525000 72.104811 64.770357 74.966426 1.470000
63.626712 23.681134 138.301634 0.488000 64.859181 46.721456 75.120351 1.460000
68.893264 67.365414 129.651921 0.519000 68.472374 91.637515 75.040372 1.470000
71.854428 41.580702 132.598008 0.509000 71.596623 74.086505 75.002138 1.500000
65.338690 38.114472 127.989795 0.542000 65.074848 57.730055 74.981261 1.470000
49.372544 26.234080 134.316236 0.521000 49.528478 48.654902 74.919318 1.460000
66.501331 39.161985 130.675474 0.522000 66.344480 66.764863 74.994980 1.470000
59.535230 49.154936 134.664824 0.499000 59.568190 79.522997 75.045032 1.460000
71.089467 62.455379 130.122193 0.516000 70.218342 93.845249 74.945329 1.470000
65.773174 63.157271 130.378179 0.520000 65.735812 88.577964 74.965421 1.470000
63.439900 59.545730 135.151721 0.494000 63.381347 90.545121 75.062657 1.470000
68.235085 63.562243 132.134316 0.505000 67.619757 94.840473 74.957797 1.470000
65.792729 63.494867 133.228894 0.501000 65.683934 89.613709 74.985105 1.470000
52.613797 26.688423 135.816354 0.509000 51.910610 50.344862 74.808999 1.460000
63.896987 38.204064 129.963668 0.529000 63.590199 62.710981 75.050057 1.470000
45.690663 29.277818 137.427209 0.500000 45.657235 55.561499 74.980680 1.460000
63.119383 56.635449 130.940985 0.514000 63.124190 84.190482 74.982830 1.470000
69.685536 61.568459 133.038564 0.502000 68.966010 92.294841 74.964820 1.470000
68.737030 48.025225 133.161524 0.503000 68.646681 81.765537 75.100461 1.470000
72.863359 44.377455 128.752783 0.538000 72.992417 73.558227 74.978761 1.480000
64.394499 42.875855 133.292182 0.506000 64.115068 71.869509 75.053079 1.480000
68.046798 63.237323 131.268178 0.507000 67.772641 85.684718 75.009490 1.470000
76.930086 36.815500 129.755878 0.516000 76.587612 62.904669 75.025116 1.520000
67.183205 38.720349 127.923622 0.540000 66.687825 61.467978 75.013288 1.470000
64.045644 52.960577 135.126827 0.494000 64.041065 84.120875 74.992994 1.460000
72.478390 46.423259 129.290713 0.534000 72.369428 77.226439 75.081416 1.460000
70.610166 60.889549 134.740654 0.488000 69.873408 98.136053 75.046312 1.490000
70.654153 61.881067 135.282220 0.487000 69.885131 97.697419 75.023878 1.480000
67.928901 38.243131 129.037928 0.536000 68.673639 63.431451 75.030717 1.470000
58.955437 19.793930 134.864182 0.518000 59.318665 37.590957 74.992980 1.460000
70.095671 36.875987 132.793648 0.510000 69.919677 62.695215 74.988036 1.470000
49.886344 26.810612 136.640687 0.506000 50.298267 51.036611 74.996531 1.460000
47.712739 30.457140 136.103568 0.508000 48.402985 56.815175 75.025187 1.460000
63.115941 36.318286 131.757884 0.521000 63.066191 62.316527 75.013643 1.470000
62.744219 40.745387 126.667952 0.545000 62.563633 64.157796 75.100190 1.480000
72.195689 53.787719 137.196773 0.480000 70.996669 88.675043 77.009507 1.490000
64.298605 39.551641 131.559807 0.518000 64.159981 66.634709 74.983412 1.480000
68.413596 36.761740 132.103547 0.502000 68.106272 63.830749 74.986753 1.510000
72.468039 63.148061 131.371058 0.508000 71.701199 87.600900 74.945722 1.470000
45.640790 29.771360 135.538181 0.514000 45.875999 55.509210 74.964078 1.460000
59.802497 46.004033 135.908129 0.492000 59.812649 75.445044 75.022738 1.480000
70.914523 39.891754 122.124294 0.569000 70.865125 59.730590 75.079009 1.500000
76.322546 37.154274 129.984811 0.517000 76.029540 61.492827 75.079408 1.500000
63.266651 39.993317 133.079969 0.514000 63.603366 67.095275 74.928988 1.480000
57.670808 49.570645 132.477665 0.513000 57.836447 80.875409 75.059167 1.460000
79.017966 41.493783 134.794028 0.496000 78.455806 72.387931 74.981582 1.480000
79.665816 44.890060 128.616347 0.530000 79.133927 72.121333 75.029083 1.490000
70.650195 68.873950 132.632796 0.499000 70.116342 95.054412 75.079528 1.470000
64.987050 39.357491 129.986602 0.528000 64.595047 64.204760 75.120533 1.470000
66.622430 63.455992 137.299646 0.480000 66.169874 99.784125 75.602029 1.460000
47.666617 29.217368 137.572991 0.500000 48.286864 55.603573 75.063830 1.460000
71.311151 62.753510 129.535683 0.518000 70.589389 88.586324 75.005512 1.470000
66.449094 62.612772 137.391387 0.480000 66.231266 99.088266 76.070092 1.450000
72.643654 39.999697 130.312518 0.526000 72.084501 66.505092 75.091567 1.470000
49.364768 26.568648 138.136101 0.497000 49.723535 51.229046 74.980851 1.460000
63.236193 39.655126 128.596706 0.537000 63.116652 66.150599 75.055972 1.470000
79.292594 44.595888 124.884525 0.551000 78.956139 71.589347 75.012530 1.510000
48.613025 24.375127 134.143894 0.522000 48.894963 45.132018 75.142771 1.450000
72.883888 52.290206 126.064972 0.543000 72.851300 78.562253 74.999642 1.470000
72.227686 63.945858 133.816990 0.497000 71.360314 94.771415 74.951764 1.470000
48.362144 26.071387 135.450286 0.515000 48.720497 48.809515 75.125603 1.450000
72.286382 37.867276 133.537767 0.502000 72.061910 63.659619 75.096557 1.480000
43.215972 30.035812 135.919833 0.512000 43.616687 56.015379 74.994986 1.460000
71.394242 67.589892 136.133731 0.480000 70.715833 100.437578 74.991284 1.470000
72.397773 55.438524 127.214585 0.546000 71.954817 82.243072 75.091405 1.470000
72.687667 37.716712 131.298713 0.517000 72.509220 65.043404 75.010328 1.490000
47.725674 28.936696 136.063124 0.510000 47.541999 54.238151 75.114208 1.460000
63.399773 39.654915 131.900909 0.516000 63.097304 66.812272 74.978175 1.480000
69.433124 65.289144 130.201916 0.518000 69.023920 92.049540 75.054248 1.470000
55.350425 26.234291 132.903092 0.526000 56.329317 48.083824 75.087467 1.460000
68.988925 63.321481 131.790688 0.508000 68.264344 94.817959 74.935870 1.470000
46.258151 27.997792 136.758533 0.506000 46.747446 53.037111 75.024448 1.460000
49.436399 26.838440 136.153987 0.508000 50.520040 50.700604 75.091040 1.460000
70.652114 36.545443 128.931007 0.536000 70.494527 60.617934 75.084298 1.480000
61.331793 42.299608 131.583412 0.520000 61.206362 67.705322 74.939117 1.470000
64.778556 56.314162 134.588587 0.490000 64.986200 86.753292 75.075597 1.470000
64.557439 62.038960 128.199335 0.540000 64.474314 85.870518 75.102843 1.470000
73.198057 53.229673 133.382378 0.503000 72.750484 89.481265 75.057779 1.470000
74.505494 42.674038 130.942703 0.528000 74.582194 71.061579 75.133996 1.460000
64.240459 55.886859 135.125202 0.484000 63.868950 91.326841 75.046829 1.490000
47.810045 28.968601 138.229859 0.496000 48.162713 55.549896 74.966065 1.460000
71.093053 39.052056 125.443273 0.556000 71.077622 61.866165 74.980734 1.480000
74.028456 54.958901 129.140464 0.519000 73.023062 84.101914 75.015684 1.530000
110.155353 126.685333 165.329910 0.480000 112.538715 194.622967 104.344256 1.300000
46.013882 28.746052 136.257844 0.509000 46.412921 54.016699 74.830194 1.460000
65.886885 39.183992 130.378180 0.521000 65.744422 65.283271 74.912572 1.480000
58.948953 20.216674 135.393152 0.514000 59.252204 38.668260 74.907837 1.460000
48.209873 24.090759 135.266944 0.515000 48.771651 45.309050 74.946844 1.460000
74.232467 36.838714 129.869701 0.514000 73.997854 62.764827 74.968535 1.510000
69.437941 59.358004 130.593148 0.514000 68.940659 86.399490 74.947019 1.470000
66.035042 39.059241 131.789755 0.519000 65.770533 64.150062 74.990218 1.470000
69.785050 38.052729 131.509772 0.518000 69.702638 65.224141 74.988884 1.470000
46.134229 32.009997 132.753132 0.528000 46.471373 57.962281 75.114493 1.460000
109.475815 109.959630 162.867999 0.480000 111.417511 176.012988 104.493747 1.300000
72.590702 69.654534 135.002548 0.487000 71.737316 100.935256 75.102467 1.470000
80.482483 40.301959 129.260007 0.538000 80.540562 66.658056 75.012154 1.460000
51.352082 24.083876 134.059361 0.522000 51.643966 44.757442 75.057215 1.460000
74.666616 38.324089 128.712529 0.518000 74.637514 65.706523 75.023917 1.550000
71.260844 39.508778 134.531329 0.492000 70.825355 70.217809 75.021247 1.490000
46.079225 29.345668 135.233880 0.515000 46.578562 54.378362 75.135793 1.450000
58.853622 39.229114 131.504160 0.521000 58.928427 66.876804 75.114030 1.470000
56.017263 25.683577 133.118325 0.523000 57.145339 47.635993 75.033135 1.460000
62.642753 49.890905 134.512138 0.498000 62.538537 85.603702 74.935151 1.470000
71.189675 48.369320 126.590601 0.551000 71.093598 78.756849 75.062884 1.470000
64.803396 39.160703 131.185159 0.523000 64.518310 63.827377 74.980862 1.470000
60.415969 43.999214 132.416211 0.516000 60.213646 73.172855 75.091929 1.470000
48.747844 28.511722 133.880982 0.522000 48.744177 52.541981 75.181354 1.460000
64.363235 53.875806 133.011023 0.509000 64.080969 89.093047 74.998475 1.470000
71.628818 51.725179 129.472015 0.522000 71.316715 80.605247 75.080036 1.460000
48.965145 27.991762 135.750654 0.510000 49.001988 52.585783 75.002634 1.460000
63.310900 61.576845 135.301317 0.487000 63.331527 95.200174 74.944498 1.470000
77.687835 35.159245 125.738398 0.550000 77.243391 54.791007 75.023851 1.480000
47.070874 26.667565 136.285256 0.509000 47.487367 50.320271 74.831818 1.460000
68.600637 36.327327 134.925939 0.499000 68.402108 61.424777 75.110451 1.470000
70.465270 48.549810 133.310526 0.505000 70.370198 79.589213 75.068132 1.470000
44.331342 28.654211 135.814813 0.512000 44.565699 53.774147 75.019600 1.460000
63.462971 48.598704 133.753071 0.507000 63.178359 80.279332 75.072061 1.470000
46.086718 28.474586 135.786676 0.512000 46.364357 53.400956 75.076969 1.460000
70.964411 36.299976 133.969361 0.503000 70.364106 63.693547 74.993435 1.470000
48.487461 30.047588 131.492081 0.537000 48.446817 53.639785 74.992840 1.460000
72.930413 64.248871 132.694396 0.503000 72.416597 87.808369 75.067273 1.470000
69.596090 65.080103 132.788399 0.502000 69.127346 89.209912 75.048773 1.470000
64.999185 57.661083 133.433896 0.505000 64.596509 94.960608 75.099665 1.460000
69.573321 36.957845 132.968105 0.510000 69.320270 64.872816 75.133544 1.470000
110.585473 114.084625 159.563716 0.480000 111.126116 166.868887 101.827372 1.300000
42.980534 27.957836 134.877597 0.515000 43.297980 52.076265 74.882471 1.460000
62.942695 37.812112 133.412805 0.500000 63.117486 67.266764 75.080821 1.510000
70.406954 61.403873 131.955239 0.504000 69.993146 82.375820 75.016638 1.470000
71.376386 69.307515 131.339224 0.508000 70.800391 91.655356 75.035788 1.470000
69.491634 38.378992 131.869147 0.519000 69.222809 63.420402 75.059178 1.470000
69.969136 40.948678 128.478042 0.542000 70.517433 68.731153 74.993841 1.470000
62.284882 57.194535 133.342265 0.504000 62.499191 83.353183 75.103608 1.460000
62.776868 39.685758 130.164216 0.529000 62.562747 61.126707 75.025111 1.480000
68.997906 65.348957 132.658391 0.503000 68.185523 103.312215 75.103418 1.460000
73.982188 43.884753 130.784959 0.509000 73.506144 73.611686 74.944890 1.530000
46.942827 29.042180 135.616324 0.513000 47.141737 54.307699 74.954940 1.460000
44.682813 30.737088 135.577899 0.512000 44.991000 57.038821 75.056764 1.460000
63.242472 54.722527 131.077746 0.518000 63.202323 81.837912 75.045066 1.470000
68.614077 55.981668 125.241524 0.553000 68.178099 85.738788 75.008034 1.480000
52.731474 26.420902 133.012492 0.526000 53.625713 48.390193 74.918850 1.460000
63.404231 52.013330 135.695448 0.482000 63.182584 89.966339 75.035793 1.480000
63.744415 37.688569 126.278940 0.551000 63.423926 58.574432 75.043268 1.470000
71.054700 41.930959 132.440405 0.516000 70.348283 67.266463 75.104298 1.470000
60.317375 50.684648 132.454897 0.510000 60.291175 79.885675 75.105802 1.460000
62.436670 23.474939 137.722094 0.492000 63.742324 45.727488 74.940088 1.470000
49.234446 28.534669 135.081877 0.516000 49.374512 53.091273 75.093864 1.460000
46.860249 27.966891 136.941924 0.505000 46.947587 52.958230 75.072916 1.460000
67.078183 59.605102 131.678015 0.508000 66.732778 87.768689 74.952151 1.470000
47.980102 29.662862 136.733536 0.505000 48.841118 55.894739 75.092327 1.460000
62.619008 58.182522 132.836532 0.507000 62.550261 91.155356 75.039946 1.460000
47.407248 24.816310 136.089186 0.510000 47.686732 46.990658 75.144651 1.460000
76.790885 43.516641 127.181461 0.549000 76.839831 70.267856 75.040288 1.460000
49.326600 23.939890 134.818685 0.519000 49.843632 44.849825 75.048313 1.460000
62.768053 57.626176 135.363922 0.488000 62.685164 93.297836 75.000864 1.470000
55.209558 22.173016 133.845879 0.524000 55.410672 41.374850 75.003553 1.460000
48.529133 23.419762 134.841093 0.519000 49.280055 43.999061 75.071906 1.460000
69.636604 62.132958 129.512572 0.521000 69.215865 85.069441 75.006162 1.470000
65.045083 63.813243 133.959336 0.502000 64.503002 101.282290 75.081501 1.460000
65.359179 53.093500 129.868586 0.521000 65.350212 82.265293 74.991757 1.480000
45.057540 26.997152 135.790008 0.512000 45.334065 50.747224 75.030854 1.460000
69.039253 44.576097 132.420283 0.517000 69.278663 75.263965 75.004156 1.470000
62.069534 39.525193 122.074737 0.569000 62.090940 61.275890 74.942618 1.510000
67.745943 38.474789 128.515689 0.540000 68.480367 63.639661 75.091379 1.470000
80.181969 45.664697 123.021390 0.562000 79.790684 70.716993 75.007603 1.510000
47.251071 29.325248 133.007255 0.527000 47.905067 53.217321 74.873819 1.460000
69.721458 55.971776 130.984523 0.515000 69.117364 86.423489 75.090247 1.490000
70.735625 69.505541 131.617051 0.509000 69.977548 103.348778 75.089631 1.470000
68.692697 59.945410 129.440624 0.521000 68.286921 87.977390 74.992599 1.470000
63.939162 56.907911 132.989259 0.509000 64.081949 83.075371 75.060516 1.470000
63.346732 39.707653 129.499957 0.534000 63.119571 60.454945 74.995873 1.480000
60.398892 20.119364 133.825033 0.524000 61.000540 37.739662 74.991712 1.460000
61.121730 51.262695 131.526442 0.516000 61.174415 76.334078 75.076740 1.460000
76.242481 56.209315 126.570849 0.544000 75.715572 87.998078 75.079526 1.460000
71.210357 59.111346 128.742202 0.528000 70.793162 84.831217 75.107222 1.470000
73.246822 62.992813 132.995430 0.498000 72.527041 90.786898 75.078062 1.470000
70.558027 56.559457 133.249353 0.496000 70.161139 92.881600 75.039374 1.520000
46.410856 24.975276 135.836073 0.512000 46.680599 47.274882 75.052017 1.460000
46.217256 29.229823 131.775856 0.538000 46.789104 51.988618 75.033434 1.460000
67.547237 61.453245 133.352253 0.503000 66.937094 94.294709 75.108676 1.460000
47.203193 31.168426 135.618328 0.510000 47.639105 58.090103 75.047046 1.460000
70.755332 59.786923 129.764166 0.515000 70.122889 85.408285 74.951616 1.470000
42.121955 34.392494 133.510786 0.524000 42.449490 62.170591 74.988300 1.460000
65.800580 58.003685 132.281733 0.506000 65.658948 85.207578 74.976835 1.470000
57.234780 27.106593 137.612862 0.495000 57.820742 51.928278 75.017378 1.460000
46.610666 28.705460 135.272990 0.515000 46.865350 53.342467 74.891151 1.460000
76.113127 39.416413 127.473180 0.546000 76.240807 66.208766 75.033716 1.470000
72.755855 38.471207 131.866503 0.520000 73.209737 65.820288 74.950207 1.470000
49.806746 27.136074 136.419324 0.505000 50.582482 51.441706 75.137600 1.460000
43.969041 30.083311 135.671694 0.512000 44.169588 56.093854 74.987309 1.460000
69.939565 38.199841 130.627152 0.521000 69.493843 63.963958 74.919809 1.480000
49.052579 27.778034 134.284561 0.520000 49.931031 51.336121 74.985644 1.460000
74.712041 68.412557 131.667641 0.502000 73.595924 101.363066 75.051271 1.470000
52.530317 28.213462 133.634679 0.521000 53.091127 51.710921 74.894030 1.460000
70.642946 66.371145 134.770268 0.488000 69.832663 96.550125 74.974790 1.470000
66.185011 65.642257 127.444023 0.532000 65.931593 97.897496 75.034087 1.470000
65.526553 59.500459 131.642438 0.513000 65.218262 90.035274 75.009138 1.470000
47.634381 31.325076 130.031900 0.545000 48.194881 55.011943 75.108581 1.460000
61.872180 54.831994 131.062570 0.518000 61.720351 86.986562 74.992743 1.460000
65.126121 43.846522 131.805065 0.508000 65.224452 73.313814 75.043400 1.490000
44.802978 27.573448 137.125323 0.503000 45.398298 52.540354 75.073493 1.460000
69.822866 62.840778 130.068623 0.514000 69.198433 87.811957 75.040165 1.470000
63.360755 55.963584 134.754462 0.500000 63.350882 87.290515 74.991338 1.460000
64.611894 59.005920 130.336161 0.522000 64.375090 87.710824 75.020688 1.460000
66.228360 39.091760 130.941425 0.523000 65.776935 66.257927 75.058440 1.470000
58.364814 25.904924 131.203775 0.535000 59.072642 46.858412 74.972839 1.460000
72.647145 67.543248 132.652095 0.514000 71.875034 104.927158 75.051713 1.460000
70.463350 63.355981 132.618738 0.500000 70.060750 85.438977 74.992293 1.470000
70.952338 42.071472 133.042317 0.512000 70.437837 70.457299 75.084470 1.460000
66.708028 64.319276 132.580965 0.506000 66.375975 97.609297 75.062916 1.470000
47.654075 24.591388 135.439426 0.515000 48.240694 46.104669 75.133359 1.450000
46.608369 26.936263 136.383813 0.509000 46.745292 50.953888 75.018217 1.460000
48.683858 25.663454 135.020324 0.516000 48.933240 47.857492 75.050833 1.460000
62.314505 52.121078 133.537358 0.506000 62.228210 82.434266 74.994092 1.460000
77.141834 58.269525 124.501141 0.545000 76.942203 84.392456 75.095815 1.470000
48.345847 27.528864 135.416510 0.514000 48.464785 51.466914 74.907680 1.460000
46.614877 33.697630 137.184753 0.498000 47.086000 63.079897 74.938767 1.460000
50.851145 22.612247 134.443159 0.521000 51.682361 42.123973 75.114412 1.460000
71.627432 39.417226 135.322854 0.487000 71.259557 67.494321 74.967796 1.510000
43.647802 28.973337 135.708475 0.512000 44.041765 54.200950 75.045920 1.460000
48.222889 27.383881 135.063367 0.515000 48.307529 51.002271 75.041203 1.460000
75.645564 44.517792 130.686541 0.528000 75.771788 75.014089 75.006269 1.460000
79.453183 39.002100 129.437300 0.534000 79.483179 67.606126 75.103701 1.480000
53.253363 26.235395 135.626681 0.509000 54.392008 49.570577 74.942498 1.460000
62.138778 59.322819 134.416378 0.503000 62.156662 90.483108 75.062209 1.470000
64.741470 55.670579 132.818044 0.508000 64.380346 89.623670 75.036238 1.470000
72.178196 69.578360 129.977099 0.516000 71.315203 97.556084 74.963037 1.470000
60.209291 19.844652 135.031069 0.516000 60.401429 37.741854 74.990921 1.460000
46.306529 26.652835 137.305249 0.502000 46.344893 51.061326 75.073691 1.460000
67.181248 57.325579 134.330046 0.492000 67.069432 87.916271 75.078265 1.470000
71.140031 60.147850 130.658481 0.512000 70.615923 81.785970 75.082899 1.470000
65.489461 56.081347 134.849275 0.482000 65.219013 92.924922 75.125824 1.520000
71.479585 40.247069 130.901725 0.530000 71.903908 69.290892 75.035294 1.460000
66.528923 58.891567 129.150759 0.528000 66.116220 86.410818 75.048020 1.460000
49.751574 24.879433 134.426647 0.521000 50.038487 46.215806 75.082831 1.460000
67.236246 36.764795 129.996977 0.518000 66.936476 60.899064 74.969183 1.510000
59.662027 43.740063 133.852668 0.505000 59.851633 71.542160 75.058044 1.470000
70.988031 71.181670 132.788855 0.497000 70.175318 104.884644 74.938132 1.470000
48.054600 30.151446 132.578324 0.531000 47.714764 54.440256 74.999467 1.460000
77.607966 41.544081 126.670989 0.555000 77.719776 68.006257 74.994724 1.460000
57.695726 50.578602 131.040794 0.522000 58.172772 76.430627 75.065907 1.460000
71.726125 63.315250 134.753347 0.491000 71.020927 94.328178 75.072777 1.470000
42.229524 28.240293 137.034077 0.505000 42.748582 53.456252 75.128202 1.450000
71.394173 41.676117 132.825375 0.514000 70.523254 68.239551 75.032381 1.470000
45.067807 33.158669 137.512814 0.499000 45.469313 62.770808 75.158233 1.460000
66.560985 58.330958 129.121263 0.522000 66.408996 85.062313 75.007744 1.470000
69.525998 64.602798 133.734097 0.497000 68.995877 89.635973 75.090770 1.470000
68.561185 57.694530 134.682561 0.495000 68.101671 95.648739 74.968293 1.470000
69.124583 63.469764 133.084029 0.510000 68.419972 97.684006 75.093135 1.460000
48.558612 24.146731 136.161890 0.510000 48.773651 45.904441 75.055688 1.460000
45.218545 32.082956 131.772726 0.535000 45.864063 57.407973 75.034432 1.460000
69.055341 40.357973 127.914918 0.545000 69.522120 67.244107 75.068836 1.480000
79.931923 39.064654 127.698753 0.542000 79.956279 65.018096 75.009874 1.480000
71.275845 65.477954 130.346071 0.514000 70.520902 93.453946 74.955519 1.470000
73.911174 39.926707 120.282264 0.590000 73.692675 58.673986 75.093714 1.470000
48.008816 28.437691 134.358693 0.521000 48.309598 52.350933 75.079783 1.460000
72.762820 36.416586 133.137188 0.492000 72.590966 64.826884 74.922225 1.510000
60.387533 50.288770 134.566991 0.497000 60.295705 85.159211 74.986326 1.470000
72.048308 56.256487 131.467637 0.517000 71.468676 91.530146 75.103043 1.480000
65.595728 62.857229 132.214832 0.508000 65.089567 94.855704 75.068700 1.460000
74.840887 43.125857 127.936851 0.544000 74.978932 71.965150 75.006938 1.490000
65.627703 61.063770 135.189961 0.490000 65.296098 93.820079 74.966200 1.470000
73.735115 49.106883 130.399532 0.516000 73.479527 76.170519 75.099814 1.460000
70.214844 67.474243 136.774396 0.483000 69.467079 109.019147 75.042981 1.470000
66.316663 38.353746 129.355504 0.528000 66.031110 61.776657 75.051023 1.490000
77.978901 63.207565 131.223859 0.500000 77.102388 95.663400 75.085766 1.520000
65.819296 37.647086 133.167493 0.509000 65.664954 64.253119 74.949594 1.470000
70.652257 40.813426 118.222323 0.594000 70.510387 60.665836 74.979437 1.510000
63.219610 60.113162 131.695838 0.510000 63.166479 88.884256 75.015022 1.470000
81.364511 45.986669 129.587141 0.522000 80.798752 73.759021 75.043515 1.500000
71.025982 58.371292 133.274485 0.500000 70.519927 86.124651 74.973595 1.470000
70.716710 67.070975 128.187462 0.526000 70.060059 90.107059 75.008311 1.470000
81.580260 35.386954 126.321517 0.549000 80.896158 56.631522 75.083687 1.480000
75.006726 37.764090 125.387082 0.546000 74.839564 59.440967 75.064886 1.490000
70.857720 54.870136 130.622684 0.515000 70.453760 86.340521 75.017482 1.480000
107.243295 76.125233 125.791254 0.545000 108.122869 121.801521 75.017373 1.470000
70.073622 39.295182 135.078915 0.488000 69.786326 68.886413 74.977787 1.500000
72.904384 37.308524 127.068655 0.543000 72.529060 62.281114 74.988998 1.490000
61.568024 40.014496 131.566767 0.520000 61.229363 69.165181 75.085093 1.470000
59.349482 47.851665 135.336161 0.492000 59.435744 79.195791 74.927641 1.480000
66.202408 60.253046 134.166192 0.505000 66.015426 86.402696 75.009075 1.470000
62.671370 57.853475 135.413109 0.492000 62.777206 90.285047 74.914432 1.470000
65.284425 39.441062 132.396170 0.513000 65.037192 66.927801 74.967000 1.470000
62.588704 55.709457 131.639960 0.514000 62.525918 82.750689 75.085877 1.460000
63.746254 52.013336 134.956952 0.487000 63.595784 89.715035 75.038185 1.490000
74.635890 40.010361 116.682054 0.609000 74.655428 61.323346 74.949629 1.530000
65.083490 50.647635 131.608915 0.513000 65.196659 80.307325 75.063577 1.470000
71.698342 36.505221 133.301060 0.508000 71.163851 64.109578 74.996715 1.470000
69.934515 61.811002 130.109928 0.516000 69.485782 83.810896 74.975827 1.470000
57.446011 19.936595 134.562192 0.520000 58.512752 37.581961 75.072060 1.460000
75.910525 64.230411 134.236801 0.491000 75.109737 88.704067 75.089588 1.460000
67.279787 39.948358 123.757668 0.567000 67.055326 63.300808 75.076077 1.480000
75.948548 37.058813 122.342642 0.560000 75.550181 56.994672 74.968547 1.510000
61.440497 58.052888 135.897052 0.489000 61.573216 89.946872 74.978804 1.470000
61.844099 57.259939 130.723381 0.523000 61.690511 92.363085 75.023031 1.460000
78.366612 36.023173 128.099965 0.538000 78.548177 59.467944 75.071004 1.490000
67.434351 56.943563 129.075043 0.528000 66.903395 88.980499 75.047890 1.480000
58.074244 49.124260 131.737818 0.520000 58.048096 82.961147 75.079576 1.460000
60.603735 50.330225 131.930644 0.515000 60.641048 77.899688 75.062395 1.460000
77.817737 41.151520 132.941515 0.501000 77.525104 73.973043 75.047673 1.520000
47.227770 22.882442 137.405332 0.499000 47.373489 44.515932 75.094426 1.460000
71.943543 70.784431 135.900591 0.480000 71.167620 100.960985 74.960115 1.470000
60.564894 43.339418 132.659594 0.515000 60.340989 70.655932 75.113422 1.470000
44.390869 31.480061 137.876485 0.499000 44.690365 59.897324 75.149154 1.460000
68.937680 64.143935 132.827517 0.508000 68.294455 102.063758 74.985345 1.460000
66.766937 54.545437 134.134602 0.499000 66.484809 84.293301 75.121766 1.460000
56.604932 25.553511 131.870362 0.532000 57.652807 46.492244 75.015889 1.460000
69.956792 69.182100 132.264311 0.504000 69.437124 95.611172 74.955030 1.470000
64.585519 60.390682 130.911068 0.516000 64.623582 86.359080 74.946889 1.470000
45.791582 27.543039 137.566373 0.502000 46.203606 52.540269 75.032175 1.460000
62.526849 56.498309 133.324807 0.505000 62.326386 89.021179 74.976408 1.470000
63.436857 19.590556 133.755073 0.525000 63.181172 36.739410 75.031697 1.460000
73.740209 58.934096 131.238611 0.508000 73.328733 87.609472 75.007855 1.470000
46.313802 26.137466 135.528912 0.514000 46.575514 48.963398 75.032075 1.460000
41.404935 30.960601 136.338126 0.509000 41.724215 58.021905 75.090084 1.460000
48.603612 26.222209 135.181224 0.516000 48.777591 48.891540 75.114960 1.460000
71.178965 37.008178 135.432285 0.482000 71.052236 68.115549 75.030327 1.520000
70.116608 48.664256 126.491495 0.550000 70.051053 78.544218 75.050663 1.480000
68.596959 61.659745 128.338166 0.523000 68.254151 84.749950 74.968509 1.470000
48.275504 27.803990 135.848609 0.509000 48.420963 52.255766 74.840168 1.460000
58.313258 49.849893 134.191701 0.503000 58.346041 84.498356 75.029232 1.460000
43.432618 29.961548 133.609170 0.524000 43.939954 54.773924 75.030256 1.460000
48.226239 28.457909 135.429354 0.514000 48.776675 53.090495 74.937589 1.460000
70.813557 40.163192 132.314074 0.508000 70.252265 67.730065 75.052210 1.490000
90.252249 68.913138 131.489112 0.480000 88.297403 89.978833 88.946495 1.310000
66.092404 62.664912 137.784374 0.480000 66.141218 93.850921 75.364090 1.460000
64.900863 54.248541 132.047364 0.513000 64.611724 84.108643 75.057580 1.470000
64.552885 37.463630 128.678469 0.537000 64.497892 60.133414 74.959523 1.470000
49.027252 28.138925 138.437419 0.495000 49.398151 54.253466 75.028260 1.460000
51.668804 27.308259 132.903541 0.525000 52.681891 49.965330 74.964206 1.460000
65.659278 55.870247 134.834359 0.495000 65.348815 89.477077 75.052324 1.470000
77.960093 42.731188 127.698705 0.546000 77.995561 70.223911 74.990189 1.470000
56.412780 50.651755 131.968895 0.516000 56.828927 79.915854 74.982568 1.460000
72.849686 40.423689 132.572052 0.505000 72.643042 72.200614 75.044540 1.510000
48.157363 26.376598 135.510091 0.514000 48.338430 49.558343 74.942426 1.460000
72.590518 59.296961 126.283715 0.543000 72.003941 87.695483 75.020172 1.480000
75.273975 52.267652 128.643355 0.528000 74.926550 81.795049 74.984291 1.470000
70.822715 67.434742 129.911501 0.512000 70.017138 95.071002 74.973096 1.470000
99.921359 82.251920 152.777156 0.480000 98.577240 116.458453 101.586380 1.300000
65.493248 60.247961 135.400137 0.488000 65.496450 89.878310 74.954881 1.470000
50.772290 24.735929 135.738792 0.513000 51.041354 46.582262 75.062501 1.460000
77.126161 38.963491 134.353036 0.493000 76.739786 67.691289 75.066366 1.500000
66.098308 62.468570 133.280223 0.501000 65.551877 94.069506 74.990383 1.470000
79.029740 36.118832 125.204318 0.551000 78.943842 59.131100 75.102664 1.490000
72.195768 48.553529 131.112862 0.526000 72.118038 82.445697 75.085150 1.480000
79.586154 46.654466 129.516214 0.521000 79.073896 75.613381 74.958595 1.520000
68.878807 39.415108 129.221072 0.539000 69.467741 67.068497 75.086289 1.480000
56.398979 51.118598 134.658269 0.498000 56.951344 82.050889 74.991605 1.480000
76.306109 41.761396 133.162189 0.501000 75.963779 74.117150 74.988895 1.510000
70.402168 69.506850 131.103693 0.504000 69.467051 103.514311 75.089044 1.470000
74.958090 69.630161 131.211366 0.509000 73.950379 99.175662 75.052887 1.470000
68.932051 66.395646 137.156090 0.480000 68.368475 98.583893 75.925742 1.450000
53.003017 26.692695 135.621145 0.510000 53.692308 50.438773 75.234473 1.450000
67.522891 38.623904 131.854524 0.516000 67.423000 66.142499 74.938338 1.470000
71.199513 44.976992 132.057368 0.510000 71.136449 77.777288 75.096378 1.490000
75.781257 60.714518 130.491179 0.509000 74.984855 94.216853 75.002903 1.510000
68.367873 62.087534 134.069898 0.499000 68.103982 89.104897 75.034860 1.470000
70.147722 38.486501 134.808912 0.491000 69.731553 66.847269 75.088598 1.490000
51.762931 27.978214 133.248532 0.526000 52.647687 51.068179 74.992904 1.460000
47.779966 23.899826 134.612205 0.520000 48.448647 44.660440 75.009477 1.460000
70.881182 64.533899 135.568307 0.489000 70.199645 98.753644 75.000024 1.470000
71.515988 64.902605 134.796103 0.493000 70.755285 90.449436 74.986803 1.470000
71.668791 61.544840 130.190698 0.523000 71.040972 89.199506 75.013357 1.470000
60.847978 40.161347 127.334641 0.544000 60.860754 65.965218 75.003715 1.480000
59.799235 48.742949 132.656516 0.511000 60.018647 75.371403 75.032423 1.460000
67.741375 61.164664 129.082536 0.531000 67.225583 96.626432 75.045849 1.460000
75.536470 35.207921 132.578680 0.513000 74.924992 60.262361 75.002574 1.470000
61.698863 57.796632 130.575630 0.520000 61.687273 86.146349 75.000092 1.460000
46.441021 29.933907 135.056966 0.516000 46.698577 55.345744 75.074533 1.460000
64.664940 34.726478 128.516096 0.539000 64.796229 55.060712 74.924622 1.470000
46.136715 26.013391 135.874110 0.512000 46.809680 49.002988 75.000543 1.460000
67.854645 36.232569 131.622753 0.519000 67.592754 61.107658 74.960065 1.480000
47.389242 26.651532 135.619512 0.514000 47.818263 49.940208 74.952235 1.460000
70.746427 38.991164 132.379030 0.511000 70.459412 69.555792 75.069126 1.500000
66.339153 61.099268 131.620449 0.510000 65.784124 93.005431 75.000634 1.460000
64.530783 57.468171 130.889362 0.516000 64.448433 86.508567 74.998781 1.470000
56.241822 25.610597 131.877740 0.533000 57.319254 46.626802 75.042159 1.460000
48.726168 26.874729 135.282329 0.515000 49.016920 50.363599 74.951463 1.460000
72.943919 64.641525 132.906712 0.497000 72.231187 93.092612 74.944458 1.470000
76.268996 37.652079 124.763084 0.552000 76.168305 60.537387 75.051147 1.490000
72.001665 69.262390 132.491714 0.510000 71.289609 108.903650 75.132156 1.460000
78.333322 36.068240 123.851556 0.557000 78.102626 57.695257 74.989063 1.500000
49.269243 26.643798 135.242985 0.515000 49.543203 49.607592 75.031509 1.460000
75.875149 42.364973 126.278122 0.555000 75.997067 69.260460 75.074318 1.490000
64.047397 19.415501 134.322520 0.521000 63.811664 36.641638 74.906268 1.460000
69.628806 36.097723 126.756079 0.540000 69.387007 59.456974 75.122300 1.500000
70.318999 37.079431 132.509426 0.512000 70.188709 62.902672 75.025073 1.480000
63.720551 41.046168 130.380079 0.526000 63.251160 66.280772 74.954915 1.470000
69.041928 65.295710 133.143306 0.498000 68.305857 97.018392 74.968971 1.470000
81.162034 46.003640 129.330945 0.525000 80.637956 74.550736 75.043519 1.500000
69.966205 40.221309 124.574984 0.563000 69.862362 64.783848 75.061093 1.480000
110.147973 126.847867 164.768823 0.480000 112.534207 194.789428 103.610990 1.300000
43.087546 29.332835 135.178074 0.515000 43.366864 54.577399 75.090152 1.460000
67.357019 17.504222 133.183549 0.528000 66.990801 32.795991 75.174984 1.450000
106.036764 73.460354 185.303760 0.480000 107.294718 129.812512 132.822769 1.300000
63.431533 38.711991 129.835902 0.530000 63.302111 64.916385 75.069603 1.470000
51.420831 28.196546 135.003758 0.515000 52.344703 52.475086 75.003326 1.460000
78.627521 45.631052 127.456286 0.549000 78.595250 75.540671 75.077687 1.460000
63.502290 49.923782 134.361812 0.501000 63.533099 84.944671 75.069263 1.480000
68.614390 57.475777 133.794552 0.487000 68.194761 96.678023 74.929752 1.530000
65.925429 58.992705 133.560401 0.505000 65.794661 86.087239 75.028261 1.470000
83.345226 66.399290 122.486293 0.553000 82.212156 92.679374 74.965804 1.550000
70.760271 58.491598 131.268863 0.509000 70.304478 83.909204 75.041407 1.470000
62.659829 51.022193 130.133778 0.521000 62.930749 80.721263 74.939067 1.480000
76.935575 61.790256 117.594203 0.584000 76.299725 84.519459 75.009027 1.540000
83.554005 56.219498 124.615071 0.547000 83.467938 84.106158 74.959887 1.470000
71.081878 66.887492 134.474519 0.498000 70.194558 107.438521 74.934109 1.470000
71.767914 41.476338 129.766264 0.523000 71.372818 68.876513 74.977051 1.510000
64.691582 63.212268 134.197037 0.499000 64.219161 97.847107 74.949289 1.470000
68.163791 39.387542 133.070676 0.508000 67.567433 67.741994 74.996382 1.470000
110.152034 126.679771 165.298042 0.480000 112.536150 194.620030 104.302500 1.300000
57.937723 27.925896 131.413015 0.534000 58.623197 50.363446 75.009734 1.460000
65.829481 38.603727 130.800532 0.526000 65.557971 61.185737 75.011083 1.470000
46.541327 31.420143 131.750925 0.534000 46.591142 56.270079 75.070541 1.460000
75.416295 62.140714 131.083667 0.509000 74.632457 101.092504 75.093306 1.540000
70.697194 56.479812 134.304289 0.490000 70.384815 87.429597 75.032220 1.470000
73.030575 35.368459 130.367768 0.523000 72.873933 58.157423 75.009045 1.490000
77.004017 41.499672 124.839409 0.558000 76.543414 64.052216 75.116302 1.470000
66.596480 50.087945 131.475199 0.520000 66.586989 81.617637 75.037983 1.480000
72.450045 60.531724 130.322164 0.515000 71.586911 90.041485 74.987563 1.460000
71.419810 68.436130 136.587712 0.480000 70.649308 106.868103 75.218960 1.460000
78.564729 41.357509 134.355161 0.497000 78.013658 71.962018 75.017907 1.490000
74.632981 64.654963 131.022700 0.510000 73.913729 85.302898 75.077010 1.460000
62.929277 62.163736 134.990527 0.491000 63.003575 90.742151 75.104365 1.470000
53.796925 23.233489 142.026699 0.480000 53.634626 46.737117 75.814924 1.440000
60.806859 47.081882 123.419526 0.569000 61.375786 72.511603 75.086794 1.470000
42.510660 31.691708 135.115328 0.515000 42.772499 58.429348 74.940363 1.460000
69.606032 48.435144 129.425263 0.532000 69.537444 81.124762 74.962610 1.480000
79.449390 42.210494 128.504003 0.539000 79.502267 69.501730 75.100049 1.470000
69.904851 56.132895 129.018886 0.527000 69.442574 87.925678 75.024717 1.480000
64.607416 38.211399 126.989185 0.549000 64.250218 61.928949 75.029361 1.470000
63.469058 63.559060 136.009005 0.484000 63.304443 98.622671 75.036661 1.470000
77.329276 42.839822 127.321087 0.549000 77.390491 70.406014 75.012367 1.460000
69.899329 62.040160 132.597467 0.500000 69.299940 90.414184 75.091909 1.470000
70.755769 69.601500 135.867585 0.480000 70.063874 101.037914 75.258534 1.470000
73.738527 37.950898 132.931458 0.513000 74.166949 65.442810 74.975600 1.480000
74.030882 48.634091 131.848772 0.526000 73.906769 83.439870 75.076953 1.470000
45.357038 27.747247 134.920371 0.516000 45.868499 51.776184 75.007578 1.460000
68.940461 65.390262 133.864136 0.492000 68.178860 100.369604 75.015323 1.470000
66.230768 57.585511 131.931730 0.511000 66.213132 83.233890 75.013077 1.470000
59.323777 39.364134 127.944282 0.542000 59.401754 64.200341 75.003519 1.470000
70.307347 49.122767 128.568463 0.540000 70.225010 82.360272 75.051873 1.470000
68.549437 63.085374 131.676125 0.508000 67.914058 94.552208 74.999185 1.470000
62.015423 58.114824 136.320285 0.490000 62.179399 89.106525 75.070243 1.470000
59.172863 20.910266 133.031439 0.529000 59.678757 38.768959 75.049878 1.460000
63.620072 54.566988 131.107276 0.516000 63.443018 82.830988 75.061132 1.460000
45.185764 28.822760 136.767085 0.506000 45.644053 54.478734 75.011194 1.460000
62.164028 52.019191 131.438196 0.520000 62.085118 80.241627 75.055643 1.460000
73.586116 36.485448 132.985722 0.507000 73.441870 65.074095 74.950101 1.470000
71.916437 62.253478 130.048521 0.520000 71.331607 87.394181 75.040208 1.470000
60.925360 42.384529 131.062998 0.522000 60.705386 69.080447 74.996059 1.470000
69.400521 57.865196 134.018927 0.494000 69.014953 87.512724 74.980925 1.470000
66.867148 43.520895 131.960436 0.510000 66.610030 75.332530 74.977211 1.500000
67.835189 37.890336 131.893598 0.520000 67.551754 64.975152 75.019630 1.470000
47.083333 31.810395 136.099625 0.510000 46.764422 59.282709 75.149525 1.450000
66.388100 56.403663 131.924719 0.504000 65.884378 88.954879 75.081091 1.490000
73.878448 38.401807 135.516222 0.480000 73.844003 70.529978 74.957276 1.510000
76.816319 38.263260 132.292780 0.513000 76.388629 65.260462 74.990531 1.480000
72.585614 40.014578 130.225984 0.513000 72.292098 65.634960 74.989381 1.520000
63.089460 58.547960 130.512963 0.519000 62.938932 88.350620 74.967477 1.460000
67.678484 60.778154 132.854998 0.506000 67.152386 90.654946 75.097149 1.460000
75.069317 38.546320 132.380378 0.509000 75.135550 68.000680 74.925484 1.480000
75.132066 44.555540 128.792074 0.543000 75.218326 74.881268 74.952800 1.460000
71.219688 65.722917 132.097773 0.505000 70.653042 90.083041 74.965532 1.470000
49.771780 24.178620 138.708494 0.495000 49.795976 47.087396 75.008708 1.460000
69.537380 49.902317 122.664895 0.575000 69.448278 77.786415 74.951454 1.490000
71.957951 64.374225 130.945703 0.523000 71.198115 100.374775 75.041033 1.460000
77.172576 37.778487 129.624697 0.533000 77.401183 64.317537 75.081497 1.480000
109.675538 105.725138 165.100026 0.480000 111.483250 171.077133 107.264859 1.300000
71.863489 36.643529 125.685944 0.544000 71.593053 59.734842 74.978346 1.500000
64.157669 54.968100 135.777546 0.495000 64.107268 89.980103 74.963045 1.460000
64.046974 37.710585 134.026362 0.501000 64.046095 68.220244 75.066956 1.500000
57.106914 48.584940 131.287561 0.519000 57.253138 79.136663 74.990439 1.460000
75.031080 44.485477 129.264419 0.521000 74.572285 73.162835 74.946646 1.530000
65.153380 38.223625 133.360613 0.508000 64.981397 65.035652 75.062467 1.470000
52.702863 52.580383 135.161015 0.495000 53.125767 88.542994 75.014205 1.480000
58.866389 37.464529 134.756763 0.499000 59.053910 67.123977 75.018206 1.480000
68.828560 35.816474 132.093256 0.507000 68.626172 60.521901 74.989557 1.500000
69.951597 61.065718 130.361821 0.515000 69.341781 87.792835 75.113964 1.460000
64.486895 60.861195 132.392478 0.508000 64.009956 92.699117 75.047180 1.460000
105.952002 70.429340 192.285415 0.480000 107.136460 125.291258 143.222550 1.300000
60.970981 38.795966 127.524085 0.544000 61.037833 62.444213 75.093118 1.470000
71.267753 39.520793 133.690045 0.498000 70.922098 68.436319 75.089023 1.490000
64.535455 38.888411 131.296015 0.520000 64.178772 63.656801 75.083266 1.470000
70.132396 45.860563 127.439994 0.548000 70.223158 75.663514 75.013714 1.480000
57.809908 43.453356 133.339626 0.509000 57.785628 72.467712 75.008653 1.470000
56.024039 21.912782 133.815193 0.524000 56.530980 40.770385 75.018638 1.460000
81.238483 57.155501 128.216748 0.516000 80.880061 78.712307 75.022999 1.470000
61.113939 56.341386 132.783893 0.506000 61.160270 87.453117 74.983113 1.470000
67.988562 42.495607 125.830056 0.558000 68.368216 70.230942 74.997777 1.490000
68.678862 48.552338 124.708615 0.560000 68.651377 77.301699 74.984628 1.490000
74.486670 69.694304 134.745026 0.487000 73.633052 95.299020 75.100138 1.470000
68.126415 39.306207 132.315288 0.504000 68.150372 69.029049 75.056427 1.520000
70.829399 61.216480 134.813895 0.489000 70.166839 94.199157 75.032421 1.480000
56.490550 38.928828 129.028962 0.538000 56.578039 62.320734 74.959577 1.480000
65.661900 62.264756 133.128016 0.504000 65.151175 99.117571 75.031106 1.470000
47.430293 26.960236 137.051680 0.505000 47.886041 51.152904 75.103193 1.460000
79.009565 59.671740 129.411495 0.509000 78.178134 91.332837 74.953581 1.550000
78.315521 42.891044 126.875293 0.549000 78.389035 68.644551 74.971763 1.470000
